1 0
0.98946 0.0027001
0.97729 0.0057834
0.96583 0.0086478
0.95264 0.011902
0.93284 0.016701
0.91286 0.021435
0.88871 0.027015
0.86283 0.032823
0.84032 0.03773
0.81821 0.04242
0.78788 0.048644
0.76381 0.053411
0.74429 0.057166
0.7226 0.061224
0.70035 0.065258
0.67927 0.068963
0.66053 0.072159
0.63862 0.075783
0.62225 0.07841
0.60227 0.081524
0.57937 0.084967
0.55847 0.087994
0.54804 0.089292
0.53765 0.09053
0.52726 0.09171
0.51687 0.092834
0.50647 0.093903
0.4961 0.094914
0.48573 0.095864
0.47539 0.096752
0.46507 0.097574
0.45475 0.09833
0.44443 0.099021
0.4341 0.099646
0.42378 0.10021
0.4135 0.1007
0.40326 0.10113
0.39304 0.10147
0.38284 0.10174
0.37265 0.10192
0.36247 0.10203
0.3523 0.10206
0.34216 0.10201
0.33206 0.10188
0.322 0.10165
0.31197 0.10134
0.30196 0.10094
0.29197 0.10044
0.28201 0.099851
0.2721 0.099167
0.26223 0.098386
0.25242 0.097503
0.24266 0.096516
0.23293 0.09542
0.22324 0.094214
0.21359 0.092899
0.20399 0.091476
0.19446 0.089945
0.185 0.088301
0.17563 0.086538
0.16633 0.084652
0.15707 0.082635
0.14785 0.080488
0.13869 0.078222
0.12963 0.075844
0.12068 0.073353
0.11187 0.070749
0.1032 0.068038
0.094723 0.065233
0.086486 0.062344
0.07853 0.059384
0.070899 0.056369
0.063638 0.053324
0.056806 0.050281
0.050457 0.04728
0.044632 0.044352
0.039342 0.041519
0.03457 0.038794
0.030293 0.036194
0.026473 0.033726
0.023073 0.031391
0.020052 0.029184
0.017365 0.027096
0.014977 0.025115
0.012854 0.023228
0.010965 0.021423
0.0092837 0.01969
0.0077873 0.01802
0.0064568 0.016405
0.0052761 0.01484
0.0042357 0.013321
0.003332 0.011843
0.002559 0.010403
0.00191 0.0089982
0.001376 0.0076261
0.00094525 0.0062874
0.00060554 0.0049813
0.00034862 0.0037041
0.00016907 0.0024562
7.3096e-05 0.0012373
0 0
0.00017646 -0.0011119
0.00040269 -0.002252
0.00076426 -0.0033757
0.0012636 -0.0044851
0.0019042 -0.0055738
0.0026936 -0.0066298
0.0036361 -0.0076357
0.0047333 -0.0085931
0.0059805 -0.0095137
0.0073669 -0.010417
0.0088746 -0.011324
0.010506 -0.012245
0.012275 -0.013177
0.014204 -0.01412
0.016317 -0.015071
0.018644 -0.016031
0.021215 -0.017003
0.024064 -0.017992
0.027223 -0.019003
0.030727 -0.020028
0.034617 -0.021053
0.03894 -0.022061
0.043758 -0.023038
0.049139 -0.023978
0.055143 -0.024872
0.061808 -0.025716
0.069125 -0.026507
0.077024 -0.027236
0.085416 -0.027876
0.094243 -0.028419
0.10345 -0.028866
0.11293 -0.029221
0.1226 -0.02948
0.13242 -0.029644
0.14237 -0.029716
0.15243 -0.029703
0.16256 -0.029609
0.17276 -0.029439
0.18299 -0.029196
0.19325 -0.028881
0.20354 -0.028497
0.21385 -0.028044
0.22417 -0.027524
0.23451 -0.026941
0.24486 -0.026296
0.25519 -0.02559
0.2655 -0.024823
0.27579 -0.023991
0.28606 -0.023092
0.29631 -0.022126
0.30655 -0.021092
0.31676 -0.019991
0.32694 -0.018822
0.33707 -0.017581
0.34718 -0.016264
0.35726 -0.014871
0.3673 -0.013401
0.37729 -0.011851
0.38724 -0.010213
0.3972 -0.008477
0.40723 -0.0066384
0.41736 -0.0047026
0.4276 -0.0026826
0.43794 -0.00059001
0.44837 0.0015611
0.45887 0.0037568
0.46943 0.005989
0.48004 0.0082486
0.49069 0.010528
0.50136 0.012816
0.51204 0.015104
0.5227 0.017381
0.53333 0.01964
0.54392 0.021871
0.55446 0.024072
0.56497 0.026236
0.58404 0.029126
0.60606 0.030764
0.62472 0.031489
0.64762 0.03175
0.669 0.031438
0.69106 0.030623
0.71592 0.029185
0.74016 0.02733
0.76246 0.025297
0.78474 0.023013
0.80871 0.020335
0.83229 0.017546
0.8542 0.014878
0.87702 0.012085
0.89561 0.0098423
0.91352 0.0077535
0.93343 0.0055589
0.94942 0.003931
0.96009 0.0029299
0.97 0.0020727
0.98356 0.0010289
1 0
