1 0
0.98456 0.0084757
0.97506 0.01342
0.96301 0.019403
0.95053 0.025284
0.93534 0.032012
0.92307 0.037115
0.90676 0.043474
0.89402 0.048113
0.87861 0.053365
0.85995 0.05922
0.83359 0.066628
0.80283 0.074122
0.77687 0.079597
0.74928 0.084673
0.72128 0.089152
0.69782 0.092464
0.67298 0.095604
0.64877 0.098369
0.62411 0.10095
0.59889 0.10341
0.57765 0.10538
0.55506 0.10743
0.54459 0.10836
0.53416 0.10924
0.52374 0.11006
0.51331 0.11082
0.50289 0.11152
0.49248 0.11217
0.48209 0.11276
0.47173 0.11328
0.46138 0.11375
0.45104 0.11414
0.4407 0.11447
0.43036 0.11474
0.42003 0.11494
0.40973 0.11507
0.39948 0.11514
0.38926 0.11513
0.37906 0.11504
0.36887 0.11487
0.35869 0.11462
0.34853 0.11429
0.3384 0.11389
0.3283 0.1134
0.31825 0.11283
0.30824 0.11217
0.29825 0.11141
0.28829 0.11057
0.27835 0.10963
0.26847 0.1086
0.25864 0.10748
0.24886 0.10625
0.23914 0.10493
0.22946 0.10349
0.21982 0.10195
0.21022 0.1003
0.20067 0.098539
0.1912 0.096677
0.18181 0.094704
0.17251 0.092615
0.16327 0.090406
0.15409 0.088066
0.14495 0.085599
0.13587 0.083014
0.1269 0.080322
0.11805 0.07752
0.10933 0.07461
0.10076 0.071598
0.092388 0.068499
0.084257 0.065324
0.07641 0.062089
0.068889 0.058809
0.061739 0.055513
0.055017 0.052233
0.048776 0.049012
0.043057 0.045883
0.037869 0.042866
0.033195 0.039977
0.029011 0.037229
0.02528 0.034629
0.021964 0.032177
0.019021 0.029866
0.016408 0.027685
0.014091 0.025623
0.012036 0.023662
0.010211 0.021793
0.0085909 0.020002
0.0071537 0.018281
0.0058803 0.01662
0.004755 0.015015
0.0037682 0.013461
0.0029167 0.011952
0.0021944 0.010486
0.0015948 0.0090594
0.001109 0.0076695
0.00072525 0.0063166
0.00043132 0.0049994
0.00021913 0.003714
8.3249e-05 0.0024606
2.9869e-05 0.0012391
0 0
0.00021515 -0.0011051
0.00048104 -0.0022366
0.0008816 -0.003347
0.0014194 -0.0044383
0.0020976 -0.005504
0.0029234 -0.0065317
0.0039004 -0.0075042
0.0050303 -0.0084226
0.0063089 -0.0092992
0.007726 -0.010153
0.0092644 -0.011007
0.010927 -0.011871
0.012728 -0.012741
0.014688 -0.013615
0.016833 -0.014492
0.019192 -0.01537
0.021795 -0.016252
0.024677 -0.017141
0.027869 -0.018041
0.031408 -0.018943
0.035331 -0.019832
0.039686 -0.020688
0.044536 -0.021497
0.049946 -0.022248
0.055978 -0.022932
0.062668 -0.023543
0.070008 -0.024079
0.077928 -0.024531
0.086337 -0.024879
0.095177 -0.025113
0.10439 -0.025238
0.11388 -0.025262
0.12356 -0.025183
0.13338 -0.025004
0.14332 -0.02473
0.15337 -0.024366
0.1635 -0.023918
0.17368 -0.023392
0.1839 -0.022792
0.19414 -0.022119
0.20441 -0.021376
0.21469 -0.020563
0.225 -0.019684
0.23531 -0.018741
0.24563 -0.017735
0.25593 -0.016669
0.26621 -0.015542
0.27646 -0.014351
0.28669 -0.013094
0.29691 -0.011771
0.3071 -0.010381
0.31727 -0.008924
0.32739 -0.0074002
0.33748 -0.0058061
0.34754 -0.0041374
0.35756 -0.002394
0.36754 -0.00057387
0.37747 0.0013236
0.38736 0.0033077
0.39726 0.0053904
0.40721 0.0075777
0.41727 0.0098659
0.42743 0.012242
0.43769 0.014694
0.44804 0.017208
0.45846 0.019769
0.46894 0.022368
0.47946 0.024997
0.49003 0.027646
0.50061 0.030306
0.5112 0.032965
0.52178 0.035613
0.53232 0.038241
0.54282 0.040841
0.55329 0.043408
0.56371 0.045937
0.58083 0.049355
0.59809 0.051457
0.61525 0.052439
0.64484 0.052404
0.66452 0.051843
0.68525 0.050977
0.70598 0.049822
0.72864 0.04822
0.75219 0.046171
0.77187 0.044151
0.79193 0.041797
0.8182 0.038254
0.83861 0.035132
0.86066 0.031391
0.88597 0.026626
0.90298 0.023138
0.91968 0.019498
0.93233 0.016608
0.94361 0.013938
0.95536 0.01108
0.97459 0.006279
1 0
