1 0
0.98408 0.0051185
0.96677 0.010559
0.95244 0.01496
0.93395 0.020506
0.91354 0.026446
0.89545 0.031554
0.87511 0.037113
0.85373 0.042751
0.83259 0.048115
0.81695 0.051946
0.8 0.055967
0.7703 0.062672
0.74631 0.067775
0.72065 0.072915
0.69992 0.076827
0.67666 0.080953
0.65187 0.085046
0.63123 0.08821
0.60894 0.091373
0.59112 0.093712
0.57405 0.095792
0.55685 0.097727
0.5464 0.098843
0.53598 0.0999
0.52558 0.1009
0.51517 0.10184
0.50476 0.10273
0.49436 0.10356
0.48399 0.10433
0.47363 0.10503
0.4633 0.10568
0.45297 0.10625
0.44263 0.10676
0.4323 0.10721
0.42197 0.10759
0.41168 0.10791
0.40143 0.10815
0.39121 0.10831
0.38101 0.1084
0.37082 0.10841
0.36063 0.10834
0.35047 0.10819
0.34033 0.10797
0.33023 0.10766
0.32017 0.10726
0.31015 0.10677
0.30015 0.10619
0.29017 0.10552
0.28022 0.10476
0.27032 0.1039
0.26047 0.10295
0.25068 0.10189
0.24094 0.10074
0.23123 0.099471
0.22157 0.098096
0.21194 0.096612
0.20236 0.095022
0.19286 0.093325
0.18343 0.091516
0.1741 0.089591
0.16483 0.087542
0.1556 0.085364
0.14642 0.083056
0.1373 0.08063
0.12828 0.078095
0.11939 0.075448
0.11062 0.072691
0.102 0.069828
0.09357 0.066876
0.085384 0.063844
0.077482 0.060746
0.069904 0.057598
0.062698 0.054427
0.05592 0.051265
0.049624 0.048154
0.043851 0.045124
0.038611 0.042199
0.033888 0.039391
0.029657 0.036717
0.025881 0.034183
0.022522 0.031789
0.019539 0.029529
0.016889 0.027395
0.014536 0.025373
0.012447 0.023449
0.01059 0.021611
0.0089387 0.019849
0.0074716 0.018153
0.0061695 0.016515
0.0050163 0.01493
0.0040026 0.013393
0.0031248 0.011899
0.0023771 0.010446
0.0017527 0.0090302
0.0012427 0.007649
0.00083538 0.0063029
0.00051851 0.0049911
0.00028392 0.0037096
0.00012618 0.0024588
5.149e-05 0.0012384
0 0
0.00019584 -0.0011087
0.00044193 -0.0022446
0.00082306 -0.0033618
0.0013417 -0.0044623
0.0020012 -0.0055397
0.0028089 -0.0065818
0.0037688 -0.0075711
0.0048825 -0.0085091
0.0061456 -0.0094079
0.0075476 -0.010287
0.0090709 -0.011167
0.010718 -0.012059
0.012503 -0.012961
0.014448 -0.01387
0.016578 -0.014784
0.018921 -0.015703
0.021508 -0.01663
0.024374 -0.017569
0.02755 -0.018525
0.031072 -0.019488
0.03498 -0.020445
0.039319 -0.021378
0.044154 -0.022271
0.04955 -0.023116
0.055569 -0.023906
0.062248 -0.024633
0.069577 -0.025297
0.077488 -0.025887
0.08589 -0.026382
0.094724 -0.02677
0.10393 -0.027056
0.11342 -0.027245
0.1231 -0.027336
0.13292 -0.027328
0.14287 -0.027227
0.15292 -0.027039
0.16305 -0.026768
0.17324 -0.02642
0.18347 -0.025998
0.19373 -0.025504
0.204 -0.02494
0.2143 -0.024307
0.22462 -0.023608
0.23495 -0.022845
0.24528 -0.022019
0.2556 -0.021133
0.2659 -0.020185
0.27617 -0.019174
0.28642 -0.018096
0.29666 -0.016951
0.30687 -0.015739
0.31706 -0.01446
0.32721 -0.013113
0.33733 -0.011695
0.34741 -0.010202
0.35746 -0.0086339
0.36748 -0.0069883
0.37744 -0.0052643
0.38736 -0.0034532
0.39729 -0.0015435
0.40728 0.00046972
0.41738 0.0025821
0.42758 0.0047804
0.43788 0.0070532
0.44827 0.009386
0.45873 0.011765
0.46926 0.014181
0.47983 0.016625
0.49043 0.01909
0.50106 0.021564
0.5117 0.024038
0.52232 0.026501
0.53291 0.028945
0.54345 0.031361
0.55396 0.033745
0.56442 0.036092
0.57964 0.039121
0.59499 0.041457
0.61578 0.043567
0.64548 0.044725
0.66444 0.044468
0.68619 0.043347
0.70589 0.041672
0.72692 0.039292
0.7482 0.036367
0.76383 0.033947
0.78407 0.030549
0.8016 0.027426
0.82131 0.023791
0.84118 0.020077
0.8602 0.016556
0.88084 0.012865
0.89923 0.0097752
0.91933 0.0067089
0.93685 0.0043842
0.95356 0.0025435
0.97322 0.00095045
1 0
