1 0
0.97614 0.0042905
0.96004 0.0071992
0.9445 0.010015
0.92896 0.012837
0.91342 0.015667
0.89929 0.018244
0.88375 0.021083
0.86962 0.023668
0.85175 0.026941
0.83518 0.029976
0.82123 0.032534
0.80542 0.035431
0.78792 0.038638
0.77145 0.041654
0.75676 0.044342
0.73888 0.047607
0.72269 0.05056
0.705 0.053778
0.68824 0.056818
0.67055 0.060019
0.6536 0.063073
0.63565 0.066295
0.62396 0.068377
0.6123 0.07039
0.60064 0.072336
0.58898 0.07422
0.57731 0.076042
0.56565 0.077797
0.55401 0.079483
0.54239 0.081097
0.53078 0.082635
0.51918 0.084099
0.50757 0.08549
0.49595 0.086807
0.48433 0.088052
0.47275 0.08922
0.46121 0.090302
0.4497 0.091295
0.4382 0.092199
0.42671 0.093013
0.41522 0.093738
0.40375 0.094373
0.3923 0.094914
0.38089 0.09536
0.36951 0.095706
0.35817 0.095947
0.34685 0.096082
0.33554 0.096112
0.32426 0.096036
0.31303 0.095851
0.30185 0.095552
0.29072 0.095136
0.27964 0.094599
0.2686 0.093938
0.25759 0.093149
0.24661 0.092235
0.23569 0.091198
0.22484 0.090033
0.21407 0.088737
0.20339 0.087301
0.19277 0.085723
0.1822 0.083993
0.17167 0.082115
0.16119 0.080098
0.15082 0.07795
0.14058 0.075668
0.13047 0.073249
0.12053 0.070701
0.11079 0.068036
0.10132 0.065263
0.092165 0.062392
0.083372 0.05944
0.074995 0.056432
0.067103 0.053401
0.059758 0.050389
0.053008 0.047428
0.046869 0.044542
0.041321 0.041748
0.036339 0.039066
0.031881 0.036506
0.027904 0.034071
0.024362 0.031759
0.021206 0.029561
0.018393 0.027466
0.015885 0.025461
0.013646 0.023536
0.011645 0.021679
0.0098571 0.019882
0.0082595 0.018137
0.0068341 0.016441
0.0055697 0.014787
0.0044621 0.013172
0.0035043 0.011592
0.0026886 0.010045
0.0020045 0.0085276
0.0014391 0.0070418
0.00097829 0.0055875
0.00061269 0.0041609
0.00033618 0.0027628
0.00015572 0.0013925
0 0
0.00013341 -0.0012657
0.00032136 -0.0025661
0.00066305 -0.003856
0.0011612 -0.0051379
0.0018199 -0.0064049
0.0026486 -0.0076436
0.003653 -0.008835
0.0048349 -0.0099806
0.0061885 -0.011094
0.0077001 -0.012195
0.0093485 -0.013308
0.011136 -0.014444
0.013078 -0.015602
0.0152 -0.01678
0.017529 -0.017979
0.020098 -0.0192
0.022943 -0.02045
0.026101 -0.021735
0.029607 -0.023062
0.033503 -0.024427
0.037834 -0.025814
0.042654 -0.027208
0.048035 -0.028596
0.054054 -0.029975
0.060779 -0.03134
0.068253 -0.032687
0.076466 -0.034013
0.08534 -0.035303
0.094776 -0.036523
0.10471 -0.037657
0.11507 -0.038706
0.12575 -0.039668
0.13666 -0.040533
0.14774 -0.041299
0.15896 -0.041969
0.17032 -0.04255
0.18176 -0.043043
0.19328 -0.043454
0.20485 -0.043785
0.21645 -0.044037
0.22808 -0.044211
0.23975 -0.04431
0.25144 -0.044334
0.26314 -0.044288
0.27486 -0.044172
0.28657 -0.043986
0.29825 -0.04373
0.30992 -0.0434
0.32156 -0.042992
0.3332 -0.042508
0.34482 -0.041947
0.3564 -0.041308
0.36796 -0.04059
0.37948 -0.039788
0.39097 -0.0389
0.40242 -0.037924
0.41384 -0.036858
0.42521 -0.035699
0.43655 -0.034439
0.4479 -0.033069
0.45932 -0.031587
0.47087 -0.030001
0.48255 -0.028326
0.49435 -0.026576
0.50625 -0.024764
0.51823 -0.022907
0.53029 -0.021012
0.5424 -0.019089
0.55456 -0.017146
0.56674 -0.015194
0.57893 -0.013243
0.5911 -0.011303
0.60323 -0.0093823
0.61532 -0.0074893
0.62735 -0.0056286
0.63933 -0.003807
0.65399 -0.0018337
0.6701 -7.7187e-05
0.6866 0.0014103
0.70321 0.0026618
0.72052 0.0037457
0.73188 0.0043487
0.745 0.0049475
0.76037 0.005524
0.77733 0.0060127
0.79666 0.0063914
0.81283 0.0065682
0.82903 0.0066215
0.84599 0.0065475
0.86138 0.0063676
0.8768 0.0060809
0.89376 0.0056434
0.90558 0.0052634
0.91989 0.0047208
0.9379 0.003909
0.95797 0.0028345
0.97506 0.0017784
1 0
